11230401814253350594
2508934241317716618
13452767511920522013
11150957763247220935
14935834938929956065
15240604762301733432
7573280634536693603
10464530437533427414
4389878867846692395
6856936173590167850
9943947067250555762
13094281487601991009
6874917419689179979
2481500209284896927
0746910847988186699
10057560493620401754
14684285671566359546
3630775360346354951
1300916589817510588
0647138217506871479
5107602334472253169
10981875071567109193
2039174503848699347
4395376841087888629
0121172681686945363
16410889838630604205
5055809725303136260
7971057833621209010
8180167672022515219
11829617722342843567
10883765653859834472
11148332454962505181
15821803573799103852
15992464107964036285
14126912345972643366
5476036234588836731
1184929286034361819
1257109430268169586
3277902338496817309
6216924105936825359
18024285382324688085
7119981717443888333
14700752077644626584
15609628292159373932
2901349585350529451
15935586986197880535
8340414655116463726
17571095087130347902
15978573397606752549
8598383422264460381
13218594843015025300
4441124319601336313
9444097203203706524
3785403413536020673
5591225131011846814
17537457060965668658
0224538158196008602
5870237126877566868
15744045614541490562
12135636099354083336
3702772348210791857
9439954253629249163
6013848262140417167
15217572500295909883
14960205805409052211
16961772225929885261
17461191040820895120
7316147649540989381
6868735427063948130
13134763634162570419
18095223281077681100
1929487264738586214
14341297962724259170
6870816947644632255
5954320213021044653
16168548320645432534
18361286477939003279
9235152455871050691
10782800137326170081
12985478722012715392
1889355474686679496
3988011498691963121
17134656253676068546
15846353957389048021
12349180502295911292
0637230664230761955
5307988326749876598
14197401481088859363
15393207374581520927
12692433106014357689
0220163879628457727
5648207342631592297
7793420509324485828
14758860264522437000
11873565534743992735
13858372948956390917
15082955674663159372
5806744815573724334
1967319249874735276
1396327717469609355
6352805530402167120
1202720938698465534
7782732183696864311
9201562774849523555
7244698473164653061
14254092118915174088
8518969831427966975
11963143110678062992
16744230459541489703
17132159106725430937
18101709251520877813
13848961095495412653
10337018072907668428
7933968059694827834
15691534027129497632
7800293574461610407
1949056491912237482
1062845058957753967
4280923212412806197
1545925985633426474
4741257582972390132
9754157760512736838
15748731782670931131
12886453475126552285
14959018942968955176
6851248473814555864
5418651514274544045
18350828431448161290
0469893001678422859
3459213221536417616
9548006861319435798
12555011060120136798
16790173331141889644
12284147928066135155
0396470124495097570
3742470845208421743
2466934857268492039
10808726999522112334
4887558736265091844
3535811784672956259
17184671928601336016
11709316406556491405
10382066249542923681
13588381989375526561
16297541150194396732
1154156853708303784
5081356424164933758
6479742645697889629
8874966909405672441
10997520654605173768
17757270005415034489
12190669331616559094
15218727293106718834
18026756505083280182
12589120789527644996
7552079480081926780
15285091087883863562
11745411482882480424
13058822531913964049
6659929998450466381
0346394123509636721
1100544419923777417
0123540400356415822
11049636971934741662
18095748211664308678
10081777951137820023
6361880652838319149
14460095247134349566
0442888693847491593
7652807248076285667
13863107479995478507
17722852984054284351
4349956416523903136
12102367438150184083
11061830967789525741
5807937474890401616
2024495356656728641
0606459681084553652
16408395951549215872
0400543707242514041
11352661228347738300
3696253534208491089
2821973937206981489
8602425203407296959
1395463930564836772
8984690233169580862
6070136872863677951
13755144707929025214
17392225237956200055
5294476054856955408
4741448617517901630
1953287679243488068
3673875356329192779
16010869855595279458
9022591887221655434
1193930758605793971
2758382562598177410
4297969421756220530
18031830907635356719
5816916063645621204
9565192480880664125
10594067193592530722
1700594213009423983
2433594444923964162
0885088702478635948
4814312449401022890
5053857669519799008
15177902831533538025
16147179669562205891
7248456541363139240
8139342113092536630
8982645690640394683
3277903993680468226
2810897284144545296
9270614271854322680
15461337504269325119
15193513611200242292
1430619949570142143
12862375228350855115
17805379053312954292
4591838211607915497
2322411139671345728
15583515977350675905
4325544615040888054
14353624379032289725
7527027881071620702
6500936284673535730
10040375447633916042
6019689220413825204
11096243918470396943
2977674234330007656
14385239931340458123
16187057729626997963
1207918759076374747
11625790351263927917
8782736173665948764
1467994997356340399
8567430909678611604
7636989941718090911
1076774589648421767
2589144021479966936
2160011019261554193
4147204342108204262
12549769590215439710
2671221268626182148
7974144713495125664
11797753528222686815
2297238764801134996
2006249963729845240
18169246091114527671
11462958407806279421
14406843270012759003
13206480171915329893
8665133675851212126
5825093161413014382
1668672254015267541
12793275893971619122
6497806910962823319
6767060925449779819
12905017772146703660
2254740082068943287
10445176289580430978
1688572129725347655
6846976161462935609
2350182002451738070
11606906312324300141
13332433745039201650
1355738768124172045
1600675604529459329
8551663920415704579
10818923199743285650
4913469902105681689
14650927290254529317
1955342191693130593
0121445193783644530
3724081432607276772
18151108396703174464
7446129308211338431
7908454339334490710
13125205405833423171
13053571046332190337
7125165214289232859
12669195039266024439
15151091693743353398
13551753869757053979
8695294118115739067
6204407018923391337
1600194352807097478
12025001635145368433
11764846506155458842
13951438606001580408
5223315388935529595
3851330158798790213
10226874848024865074
11538960566587511007
3087631759808170087
5514531383604149218
13596268221759523176
18305010796761649606
6917623538501605523
4520872643382083746
0840635262760925909
3068275245371650526
12647750121817730250
0300501955352212635
6867879375525597503
13761976329300560951
5569891192655038303
15458727791754019216
8974242170486172506
17501271256707737621
13778486526891966291
15745004339577730109
3570951620082141740
7533299682015620715
0102991001992644675
9709339517391235499
15606212719874382095
4742022257070402638
10206464703056255050
12077837097129640683
2960311081270928217
6635846769322258910
11665654636522155901
11743047657060869909
3725325407395575104
0359740287760863470
9250226906201593260
5714160451475459078
15539679843693627275
8012753866807414319
7062592950945489421
7463337103721478961
15681464079502895408
18127353265680332421
16178949680923410724
14352114480379472163
1726075510468618164
16141338814224207312
5067701466278032223
10441934013446545063
4743469810972700610
14765286875694271755
11330339750627694427
14651928381314379070
15990116296314101130
7742725203516906761
4535836671166859725
10677130259814621079
6898433597385033291
9290699937966226351
1798005730289743578
15853179050251908449
7130694328651123990
13173803131038811594
13977255681082451707
18213424353570373459
2014740757520864777
7463870806415254576
9811365646878363770
15305350391239200772
15094187879157561237
18171876777924834457
9046822661478719422
4965364540222258845
18204070531933961948
6642127017521075211
7395787539631268880
7835960380817831342
3427698319702759092
10880210450074172996
12749975904225102218
17450110089007189949
11940066797606741392
4058876524974682004
14495247827382498217
16614343800567811141
3449105737811229744
13832542091402632768
1072043200587206047
14831224604629819956
18062010468254307313
13072934964461081431
12584863179099611794
0051083565822311432
3681074232050111366
2992758199608731026
10569535999309390362
0732955426758975264
0271325815715082276
3376822887529214654
9240960842693040315
13402254297753750457
6678266928875287051
8945398127648832932
5630413558072827368
11909535819280331392
3340945379142246180
7924223453048606346
4174998199491509521
12174765605963300365
15976013108489551690
15788832975629907199
8439322100799636079
6408313138898723887
5205109243086036873
16060287001445501640
7050285175699708811
9959474556666413173
15893294164372241978
7909022168248382850
13741197908932803743
3040763470621872173
12199289113204954676
13900853213407074805
2192443470088321261
14665762806980083709
6658517595485681747
1834107894823628904
5086827027954349299
4127915934805531329
17630147998464166672
10362055806160317386
9450881518451986189
15960747354833566996
10315628175883346129
2428741371402590724
4739408158222160715
16934186876546702900
18320895601910245647
14589216171700810939
15780375189115942714
14761385889869826729
1504788841948236976
5016940352510576739
2453183055770268989
7517899244147436806
4444705831043316475
17390129008873719262
5486565806900075122
13759149269839102170
5642726600116077409
5281939163145595425
16222099023582683777
16963566207997674666
17919820550883115226
4083573403185026409
4572702235164217262
11316386423204286557
5539597168157683474
15042145625173390978
1698899140339605164
17320601286319677144
9884772888219061099
7398029402116355437
13848057027788757983
14546257698333937475
17590907396812031674
18048567297814362830
7295185020655516136
13142193323559239360
1221661885453033607
14791720004161945078
2613197178338431110
0128325927658542613
9620730624058341857
13594292855097040102
4207791952986711162
14274542180365582370
7211911930512849943
9723251624805476682
12762589938158810364
14457528875841631614
8527710106256029543
3707470901481045003
0824100868488030165
2913936717189597556
2932011822114325524
11696781808057057000
10224177270183818223
4533117821363578863
9755962739303304962
13754389450419222295
13424984461016912379
11125092118975511391
9488371656794150927
6730521044841482263
0681638863404188469
11225365519136996453
4871310751829840511
15165632794018041750
9599623174497131731
10701129264384675983
16560580836674252497
7576415477126866958
7449918501365184694
5471572949454190203
3091745556123830702
6374514499954776362
6603122750476771406
6165309485513773266
9878864773304606822
10349243092170864916
1557384738489317812
5486221616904646407
18021428312427576230
4215847644316852359
1403119112740723120
17814597745870361905
3751104432856963954
14524172493458623036
2389511589701471386
2691306362001286863
13568793320278355141
11534149423039723693
5763993741385458971
3194683228441986495
1247248103714673066
0669463066833666918
13180103468104607966
5568034440875097610
6578209530622153623
11537299133736372352
5817280769737002798
7157540986395932742
4894045048954810098
7198307899540074875
0269722360637744071
15478410433138873611
8532263857138399852
17305766014468550069
10799434059962313089
16580963750872619429
14010423985827435396
11126672460247748469
10255831623491957385
16366474479926571115
4977414971836346809
18240577118829356095
16816890702030315993
6479971277096440348
13337792993701268787
15946920239390090135
6171132604110914458
0526171124927784413
18440511872506762267
8980167749612231663
9064143328604806529
17064321619357327938
0107795463885790980
10083491330078485001
1229112891033975434
13450156079680140965
9712309288642618965
10744967182323973339
17677400084716160457
6170579112755366415
5925809463309399775
17158094631684330206
3354902498115935800
13933218356562286956
0073519774929371288
1210852051194525960
14314203997947924641
1351665325753446660
17287290079718359906
4876874167895880080
4533680131353192244
0250057203306947554
11544377780500387661
14938799451983126913
12721439286995144033
8192566795459003163
10401107768379800157
1438987208583490058
8401525268485241949
17343804552518707907
1145866788150158706
14013716826105676809
11254112706629651571
7141979812984550287
16838983785663226355
4798152082207070610
6410261203272070044
0092013754191473776
3027775595326109282
8391438501896110181
9392211381257049739
14639046451880469233
9602128542281293575
12526447597347411137
9448895708729466862
4150669886948103385
2041112217882906989
9200279985287305168
17766697973461959250
8066613688136158656
10399287873578764372
4880625122275131193
11454809469431941689
7261103010647881599
8399652254675756531
13623495795397029654
5784056470909473680
12671129676184113495
13419415947953216267
14571850041595215954
17705788759034596205
2719139145358244658
3225411198746697209
8699427644567878257
1737617702023080000
9479388404904661971
10685766863505629390
6935273710579615900
1068234281395893651
14660399174005766186
1911594577687831147
11276480006075862998
7731196210420308614
10929412422632464402
15068141995703439703
11762627874213459356
2598138615490916187
8372875557508384430
6663808089665196431
7847273552455220890
15327471207070849386
13128591350836303538
16334110786495149099
7554530619678521378
2654469710027355716
10020166499549316420
15978408758443068879
0712320395137710948
12238983378359876327
10035196982713022905
10152166165000282772
8382262119452275730
8660256370036045992
12070786418267695451
16226671510317144198
12327318199852010944
3097831076220776520
14363233533981552457
7967764929416737745
8069310904727666260
1187321510624726133
2503405922853817437
10492518413756203432
11295894561052016762
14814143176958380885
6862037232140153240
4770354994065627539
4173743573581131415
7770066420175174385
7993834545005670346
6240210456151036249
13233390483031947298
2520782863855932641
13846341081713221583
0421485832160693126
6526412431173869878
12521112180665094141
15027612013099390648
0431267592335410530
12349612352081547397
2629779942000084446
0154171750260919841
3428865341221525396
0951233248855328986
0929663607036354693
6956215438999004661
13519958275822777395
17339183542641709637
14925140469949122161
14526592494199455329
5917627514299137936
13029624786064203877
3431110551474657716
1329563478375219232
9010762239971942645
0265909806066933131
11376675618798149172
9770301759314530065
3195168871211704843
16740284253781373402
16138691931268353608
4918757813604715941
15051746303533083552
13399004872693343863
8567479400438337654
11405186467747178527
1385554186292417513
0828530422946946247
5063739812367919280
5063639678921459110
11978112535189622848
7555864206344860881
5849022142896224770
17728111777427700626
18185500051046651320
12580280336790516833
16758430440950929256
11362222666642451192
4219521860158649778
4846406060519634734
6383477417447595047
13880552406482009198
12476816005333584861
2676360420009613231
1449264209164561369
5619435129726132707
8575038884137320980
0626757888693303820
1485516010321658812
1844680148794777860
6725764823292656740
9187517936477282405
13593217496752810658
3539285821835247910
17070209778287808846
0549682895464426972
1892665991846845876
17101898518086128548
16463516090192068937
4554268337897883891
3377616022980487867
3717601599651407563
10726033911402548029
8448065604261652914
0969467068292402127
14309425895574223953
3382559927375852871
3452001986460491513
14809856200049533207
15236443531034930187
13977591221276124573
3354117077821432881
0091044885424433053
2922910800457081264
13651127404821262392
0874735979921235834
12647967015636635298
7877985112758851258
2906914325704457312
9276364026422601325
7534783729711688848
11571999322822544853
4976415600323289641
11499797589032231662
12472686104829390265
1448992832224062232
13954585344813331937
7862115422876470822
11263581284769994318
6169314105897074490
13589943076609041352
8354670217740779736
13032506394266306804
0558004495763804077
4515976159962371270
0665420365818343102
6798306089229298499
10194113718037170201
0668425525079326402
16382881291450209836
3960175097234959090
11194449983128734007
15816113596838443430
14386311111632558572
17037139393831866575
14824096555979741666
14189196410916671631
8411723387184287899
4243610936807455934
10264014543578411920
6662641867260079853
13502209445454325285
10110649659597720233
5665183637099624171
9375368094099080188
0542667813940677143
10279873663936481853
3877189203398151263
4172574903338570748
16910590093482904346
5882082768164810950
17611962868330205343
3889946893296152926
14238452432713050411
4630856610297842706
7293128327121431352
6387176116644161571
4755877080690389913
17586435208863669717
5303784557427640488
12143664755321586872
1138916790693142276
12058353214024738357
10854107286907952454
8135286088550454602
4752588024092461111
15808179079678003906
11215200087864671001
4449185013654100469
7960517488223594306
4132907652063642289
8707340996945168409
12843296857472057649
5836177027059558218
16964612596367216861
9261881030471149401
0180849248743234996
0719494452702229917
14852897116968258892
5819900276610383643
0645029754452259422
3880292591419113379
14978687615318687182
4646122651192729936
6124363952757980888
14361702616073603803
7264532817130585201
3268355037404266783
5029235640545946691
5634998714952386274
5849842175670536941
12897499384622201730
17513219484796009402
4256913708100224751
11786636415996654744
9624204861946642300
13727687350176116315
12045044802748708028
3534744661250742514
5255523462269398883
6849047953372302140
10892485549359616461
7572323668157225480
18030848800807376071
6010506410705813399
6822891648319886686
5537036197343376015
4715625188251777005
0981996554639801322
16891803935469289888
15856346875295270490
2028266893653428583
11568177076074607730
14468411788363854077
8522102321910601924
5108931023346742716
10464586289325562991
5071558286359472720
7025108423447837096
8876953382937353185
15322639360013136515
18419554085981331801
12799651326625269469
15942447104789148511
16414160362007941089
6727570735971228561
14297741955722866488
8156222834896713586
17556822743083061357
14087439383786018813
4410170397230561707
8112553677968054356
9067178544314198221
8257130054597888855
4236519306494854254
11115175159809609917
17286454565035267786
1717574101955852485
14329952266996664956
4862386796424830206
13875024646239742566
14018763702984495525
12577447817767555409
13887332956463194217
9970657574779437017
2722027764684074940
1914447013475252442
18285064428043854062
17753755334492940966
15245523113807558838
14366422572337609750
8823672030019655082
17164160451546524644
4414293140701965708
17396017599064287519
10885223117634008467
14515316088899941520
16031741954384864255
13799488859073800395
16312135296398603027
1260963982837146285
3703394488247597671
11483081767583207956
12738486467995575256
10433731774912207295
17085977241838493430
4106662460128974695
3533995685109715237
2146365245518454884
8129632314923658883
6093935537636527406
4513798917379551122
1634145208137329308
10343643909786914484
5120503422529442775
8563928275109362240
5944469913404912391
1277879204753508925
8579948646507755416
1882008235390755770
12480655643277873795
5741552975120974796
2256723213188997328
17023100329005460045
8474502475081230442
13667123876109241825
16767798622861484926
8713396469144915530
5464761349915567123
10153050120168805626
8204496289168666990
9821671592130606814
5432275994112756051
1537298133798914929
2031861852983807176
6779702354772086405
8636839640507011615
4257341881651336390
0509835942483032066
10922965998890486396
17141223701420739166
7421065748922212890
8634120510414693319
17451262628145604505
5745759394088218105
2064395140272555103
2472333812881763786
0776421537607269823
13169205573110376928
15723925653877040618
16613594473452810076
4161086633523592713
5781301823462055660
6890308663693006048
17579626395693347320
15651372843514093871
0266578365781009649
11074448966721929779
15570925447558907028
1452041001791187905
8466264323502356998
10114338922334583068
9919263715244257500
6872291029433154227
1488561937109552594
6180299066792505134
3276275329830262105
7184738295175455682
5930326544492428868
5008014437964048371
14203300460324240756
1514604502311877534
5091434438119885038
0551262504829838872
18067351237224232295
5747372586001896331
15995986802694985341
4279580464426680414
18152670038632951118
15218820561389368719
18213497215135700554
6893080787328544159
11775035159256087217
2849005054101699239
6359726882805103509
14136705134619768507
0806451120820413006
13526258724564832854
3669990924070264038
15929660807747328472
13832770241817276769
1780660438137340155
6286732939108503486
17919581992971696783
16255758310962471722
1897957665239180752
2968030022652952395
0217155931839314080
18110203708249221337
17632647260750960051
15403084478024278532
10504174330914081668
12577596088066680150
