29587
25222
23621
24155
28141
51604
59842
13612
01502
01013
32571
15532
26951
60438
59563
54951
19549
21433
53342
29260
21919
30427
31877
51704
23343
64954
31298
04038
22932
35291
63064
08921
58046
25772
55449
62361
00909
52985
32629
62988
35128
64222
49134
14590
19512
18646
57063
63768
64180
48348
46522
06053
29637
04123
44828
15878
24486
52120
46722
23291
03963
07239
44002
01159
17289
11838
08446
00830
39726
47754
18130
36367
51737
27463
35240
37433
41924
57288
64711
25075
03293
44659
44447
46077
29939
12426
50671
58263
10486
23954
48764
33020
29452
51502
57645
34107
50866
29919
03194
60301
08411
02500
47882
43518
41801
22636
30370
28137
35342
25150
33547
63155
34931
30646
51367
32073
65127
61801
56057
22783
49080
41848
35496
63877
26749
65108
58084
65219
42778
13592
24058
31691
48132
45516
10469
07022
26942
31275
39815
44503
49050
23096
25038
12796
32924
57157
12236
46200
38522
19174
11757
14055
25400
13885
29213
47181
36717
57230
54525
23246
02889
09143
32335
29727
02904
41482
11003
49884
22436
36395
38461
28936
26778
50307
22936
52374
13226
15299
44935
07261
26964
35564
42667
16213
00140
53942
08131
18315
47730
25746
06892
36361
62286
40059
33446
12382
45717
49035
01274
16371
37483
02046
03915
62377
26136
42108
62074
08158
64889
57374
29257
19835
62249
10441
63990
43643
16328
19068
18956
31158
09962
50570
31673
56613
49675
46458
06713
24085
51913
16834
05227
16327
50428
36083
08698
22923
58189
58787
12524
56232
30906
21431
07998
57182
40892
06484
64715
12278
52878
48917
33963
63039
44893
42953
05754
59630
08854
04227
65196
02085
24004
32861
05554
49965
10591
32090
45742
43821
26804
10567
15678
06805
21171
56413
23123
40794
53909
10807
23838
25162
30936
31142
20219
53789
35734
58649
21499
26850
47756
18642
01752
21626
47070
65324
62650
26169
40430
58890
63845
19909
36600
34171
31933
61327
56747
25161
28292
50539
28041
57270
34740
01849
50172
03948
44294
32249
22813
29165
57015
02466
07563
18807
50873
63923
48699
56900
17570
38505
61862
15852
61066
13038
03575
43003
28955
55319
49371
04007
30986
45081
12856
39287
47068
19266
63741
15374
50714
43560
02457
48777
45758
35958
03332
48935
56329
60637
11755
61640
08921
46319
38055
28046
55407
07852
58873
31708
31464
03333
05061
64680
52087
63667
18890
07076
48311
55941
41674
62603
01963
31604
44771
65381
21871
24556
46460
43714
34846
43803
12524
61947
54303
47515
44446
55245
54392
22772
48614
06360
11677
08326
33239
42350
36428
33415
10013
21175
05867
26851
10557
07884
49982
54681
56476
53724
11387
52424
01197
59643
60290
53775
58462
19575
43103
58012
42216
12987
46316
65311
19517
52104
34618
28959
16409
38278
21373
57407
24879
27299
16210
21582
05086
54916
30056
48252
38825
47290
40165
58188
38291
20459
24572
37483
29906
56597
62634
01498
10974
48666
23540
05884
55150
15679
43458
45982
56549
33019
42741
31436
19772
21563
08410
50749
28812
44806
55931
01971
24166
00139
13484
62201
08837
60595
50136
61452
58014
06905
56335
41405
52664
05544
30106
06639
10476
23661
36516
43732
16441
06542
01531
48894
02760
30428
11465
54690
64207
34236
09885
32937
56743
24438
57625
21429
41323
58888
08696
17388
01848
59022
03364
08046
17350
31907
02694
44675
36211
46771
62799
55283
33320
38155
33491
55020
39803
21608
18659
27449
62232
39875
48591
13853
54185
60973
07282
50280
36796
31097
41970
59772
00521
50952
43893
55483
53561
37597
29935
25310
30921
02102
63430
38933
24555
10501
07816
31400
17147
56511
51722
38392
23541
60482
25661
50124
06783
33306
00254
39708
47540
28735
24105
12828
26424
03022
55401
45206
04415
43174
21401
40558
30693
55973
26742
33678
11051
04745
27818
49274
43128
47944
46745
49227
01336
27419
07861
41602
13045
16118
27032
31171
48537
43711
52790
15772
24437
22430
16371
55930
09405
10543
14783
49126
65364
50085
30189
63367
16699
26653
33209
12122
15063
42626
16781
32428
63066
15810
36699
35747
36435
31092
09923
22092
53671
11674
13192
22629
16578
17126
59848
23625
60594
23301
27212
51148
09149
13261
14711
00965
57164
10839
55400
47604
06997
39525
61663
29086
28290
35909
10756
61998
59774
37270
11407
41035
39893
23659
27940
51551
17918
46858
02971
08301
07404
60268
36969
27851
60637
55166
07807
12418
26984
30441
36649
50822
09822
32761
31558
55164
62040
14990
48991
10475
63978
07389
52141
14483
38316
23535
05227
17049
00172
59996
55605
25299
09672
38748
47055
12185
10606
21565
16293
18835
61627
56040
54509
03769
31450
55036
10548
22644
24200
08730
27122
57706
60934
24650
51898
44708
06955
61533
64951
44093
16351
21225
53048
19849
09293
61449
17911
06646
29084
55802
14841
16396
57286
16280
58831
35210
02938
48557
07355
63364
63256
51174
62422
19236
19356
16203
61863
20472
13609
11402
43587
55150
48611
44139
43867
35549
16683
16190
57531
21482
22120
02546
07054
19515
23580
54782
28644
50012
25581
28143
07085
53750
08583
40367
39110
23127
03268
32585
35954
39898
18414
62655
38050
60074
53310
14725
51586
03778
55513
34765
06562
63405
63207
61362
39466
58002
15103
36471
29879
20938
19196
30950
16210
22919
41430
33167
56393
49026
11465
47103
59917
59863
47934
33822
47429
03405
23143
21592
64710
32197
36709
25565
59925
54917
37539
55636
44175
34749
48953
42983
09608
58022
14685
27503
15464
46066
19944
03981
10452
53279
18898
13268
36100
51446
21358
23015
26826
34708
14123
05298
59300
02984
38629
64217
14875
26358
52685
34726
08418
65499
26142
53755
33551
35877
35836
15567
20687
08637
65034
60261
37293
14472
54779
05672
02900
15005
14308
56316
27478
56199
54970
52735
35606
04335
45693
26901
01017
46139
54957
57742
40603
45244
01442
56410
49124
58328
64004
27012
30266
13596
19960
40774
53898
23030
55418
11054
32102
60295
11719
59887
43106
02588
39823
33209
16363
64007
62436
23989
01471
24063
28541
06106
50583
01748
09453
58652
24133
54761
15446
35576
15162
56103
14717
22949
39975
35418
11753
64027
41203
37832
53395
53954
48487
42478
42041
08911
21403
27853
52248
43611
51278
04345
38957
18591
57358
32765
24520
26294
64091
18568
64891
62895
23348
22714
32301
17743
51148
53918
07231
29382
36041
09498
45218
04307
48223
59930
09215
37782
34348
09884
