23827724
79966
8600028
19581847
27557430
5021177
8908548
9153157
10332815
33154476
8281768
25079251
18092827
14519096
31280248
1195318
12004274
5861640
1236605
22643090
5590269
5618909
24741035
9036912
11250451
29753752
31312372
9716590
23667558
16333538
5469751
10934677
26344441
5394488
31691061
25654385
12366289
984651
25076629
17220187
19819298
19957626
26926155
16318488
25063755
12690775
12214310
25915027
4901784
18446967
31869579
19492319
12897498
17502365
18457897
24748164
19472314
1872683
26396671
26893048
18250942
20705411
32328428
17587325
7065541
19664438
7037989
16724519
23940226
13147912
474982
25570255
3971751
2384654
26112712
17698969
26382235
31613840
25246565
3784709
20657558
31506224
12837652
5222803
24252566
1209636
18908046
24051998
21571630
3866856
9978077
9580701
3013172
7066986
6196555
21237914
13400393
11554293
1894615
27539039
28331929
22928752
9207660
3956852
26940908
25851608
5574623
18828852
9509561
17510089
22719047
10993475
8798513
6351383
1529518
17323508
26581603
9406618
28507528
28000272
15819703
16485962
3390100
25928915
26230955
17315641
1875438
14529532
24827501
30190437
30507639
22905527
32122892
28178030
14613884
25458589
29170813
28805646
14834078
2693227
14236215
15819278
7273102
17599922
19908114
8077937
11192627
4592628
14331972
32210213
26183318
20649178
15909544
20859432
31817310
21543481
28306409
7618710
4299197
29992430
16891985
27583644
591478
27692997
20267583
33383508
8064912
3448662
25692367
28603280
12521109
6643822
12228666
986846
24271509
7635555
19354171
13779870
11817798
19955868
21519254
16632210
7232290
17852524
32247594
9625039
24046150
21574542
18651613
31399514
2253812
1861456
5870439
5552888
3794920
18827477
5340152
26830803
6886588
5478303
4624363
17657350
28640145
27880313
14051882
23001634
4144949
4938517
26274238
3415774
1479426
21146163
28058029
25716564
7028188
16045579
32012294
31980254
26667121
11226470
7126330
7788881
26358620
4349720
18819880
6808489
5756029
13570650
10877029
12353895
29957966
23915333
3364326
17409891
31678588
2314254
25570836
29687036
6919435
25441374
32154395
22576702
13517621
13276334
8715391
20291100
992636
22790042
18837865
13793508
21469799
10416035
11089999
30180460
16607888
3062776
13958900
4725491
1316052
4194364
13858238
11249527
2072798
14609423
7966238
5841007
27105268
22080816
22955449
23523487
22843409
25479130
5563074
13800434
16167843
23355670
25329590
10177912
8411861
31727175
26053098
24717675
26804346
8279988
20757005
19344205
17897997
4946821
12748959
25909683
9566380
26485675
2136859
2967095
26206873
20967223
162007
9135752
8812230
27640829
16936230
1278768
12359444
24578616
24183961
12649722
4057700
3577146
6316794
26433110
15555289
21252272
22350823
32124302
9654860
13122512
13160301
17642894
18397372
30974332
24132926
29798399
4744778
21061639
28194026
26035913
31326590
23068076
1518118
15119290
17953042
23003317
25969679
28378681
11956902
8877507
25379177
7852270
24064031
3621438
9685736
5835704
666056
28832665
11112877
24790268
28245239
13926680
3774589
29881145
23735468
21677747
19486330
31802590
25113971
20556940
22595816
25402419
28657708
17613640
28310034
3196981
29876080
20173631
8163153
8764272
12435794
20341849
14902229
9172958
1316478
1986319
25081966
22775691
18059227
29867121
17541975
1154652
23727315
24988031
22825062
21804361
11131422
2578920
3286868
7497474
4997132
15005828
17552922
16032826
32513803
22848527
25711822
32462063
4849566
10304392
7078284
14621528
20113624
4876117
1018716
12890995
19739631
26631839
6761003
17801621
31877455
23764894
21576182
4178669
25690130
14260843
8924322
26457436
10515222
484324
18714616
25598601
10809546
296559
21282610
23575087
30501668
19327879
13033222
6201799
10746260
6999083
26429372
1981317
2944903
29718586
15817419
849230
26842763
8872970
27226299
17147439
32229919
10209115
1296184
18620231
9767684
26311849
33495129
15231536
21721578
3482479
20206877
22471999
22131802
12919860
32635419
8796086
12545759
31522681
29194322
21653801
24208007
33162525
14363831
28756415
11286160
6643601
12862242
21253557
18641299
2598206
17208469
452820
9750525
33185192
15732054
31834044
29068089
24176269
27956162
22619059
25797064
30869368
1942214
32955565
13708727
12047985
14720587
16670407
30452628
7777406
27396682
28145657
7534885
19262057
10441357
24753874
21906485
616068
30822094
25540423
27470586
11644241
33482757
1948965
27274452
9919747
21824811
30612231
24579326
19433279
11297929
12684474
25355783
4627369
13571098
4614451
12443986
16494436
7235550
10268141
32688299
17157452
6941790
16421782
869171
7383159
28622717
1733852
781871
25577790
14398128
12949077
21423100
31247303
21518805
6111644
11139592
17530228
24306926
14019924
10771421
13810973
30729529
31854270
4787097
15635050
21511599
17066541
14223217
4313164
14772468
23070876
30833424
15258570
24697540
6857489
9993333
1353778
26829625
22849741
2381686
28653131
31775814
7957097
24174096
13264231
18547151
13399886
24333157
3830459
8603844
3952472
29170874
19768066
14351170
12540407
4253068
15323784
3848990
22724731
990082
25947565
31642149
18673023
3193611
6443404
23706136
20041246
31944521
33013019
8402172
17915677
25767166
24045353
7243816
28235719
13791066
8028469
19557374
29039295
11133520
16112399
7230581
14828019
3481163
14626052
19794007
32053354
4677425
9141726
30026431
33513948
23699982
10751788
13099770
18918495
26765150
8341832
32090269
2702996
8443275
284259
21333638
21525228
22915271
15764074
8775148
29585123
24763471
30492268
20895147
13758120
16924085
26028884
13555024
29869411
15549236
17020777
1854092
14348052
12322413
7001547
10975514
8028206
25152680
30436284
33026004
23057234
28656007
9234005
5592665
13970153
12119832
15486458
28833494
5987813
27556413
7434331
8898474
3008537
17700120
12538348
15775645
19127678
3346609
24345749
9535768
10696505
10064157
8436236
2054970
29773040
24983877
25414184
31849158
24594511
26798499
31005299
9196183
5172566
5425883
29400786
1762760
11147478
13468564
195330
3440020
20742367
26202754
2136374
24233566
14937417
22592829
15424284
17361360
2634865
14520009
8371995
26970935
16625432
25302164
30177069
26822340
22792464
24195717
12313939
16182423
16654172
10666804
1573741
2164279
6588436
17494856
4412964
96962
19996696
18717886
10101957
2295729
9462192
13109293
2643529
2867161
33285403
13904380
12795839
22512891
21862730
7668917
4650191
24161996
5793693
9322466
24902298
11130342
9714036
33494028
11181307
14048260
12872311
11713348
27314652
28479006
33285554
7623586
4181669
3694629
7873546
22456835
6932877
25565767
30748260
11582003
18730648
17963959
12343470
23601721
18779164
33174498
7858847
20752893
7942074
32972643
19841770
3792422
17196021
27782574
10082535
30219504
10641362
17282643
14060491
20178508
12742099
28439218
13451308
17451698
11691497
874957
30015185
5806704
3455505
13418139
21313118
23158277
29650255
31443191
16871391
14151134
4910398
10620846
27977230
17285653
12073269
31051607
3812835
23595071
2768445
30305887
32475165
9857316
11813423
29403539
30101213
27324582
4555251
1796930
26039214
32831007
2976998
12964355
8856985
33161179
30949451
26807079
14208773
18390771
26244075
6401524
9112
9799930
14904010
14072408
20758163
23422643
13284842
1667789
26052751
30231640
33451057
23434685
11631869
22451645
23626141
14922420
30389032
31736278
9626070
26094342
11948194
19366291
18862672
23161717
13502746
15547269
31574492
766455
27608093
1903396
26129430
19856423
21686703
3431705
15839377
12239922
30386009
6856973
31919094
33505809
9596836
21886328
26157915
18677389
19392946
1580140
16617368
33174994
13268413
11036680
13568981
9902224
14116459
8175258
19999415
17668436
24843543
2403668
17875835
5573011
11541201
17656067
22602235
3261983
11266442
29830856
7745918
15858329
16175007
27389625
30213772
614140
32656843
4211646
14352888
10018551
12442884
22751062
8364135
13307266
27392721
7372219
3374734
22793324
9874869
30087084
2399183
7213403
5332167
19536324
7075787
958514
11275579
18645996
28847259
15585938
13045336
12086648
18437672
8840547
19209123
25267955
28062040
21908606
4735212
19325070
7076466
25864877
23063458
22816312
5884472
27531155
17681948
14708450
17742396
15531739
6197257
10708346
20321273
30230192
13434794
1992559
31586321
2810522
31180297
4794594
7661418
26735720
31836775
25581503
11655848
28663382
19851285
30218775
19816563
33442380
33367158
9755531
30551658
19186204
5372778
6023160
21202703
3658876
5378037
9595902
28887550
13357613
307579
30776563
14358503
17774707
23641308
23907320
32217768
23925530
29476916
14863187
1987620
32805418
18249348
14043444
27850506
1352190
7820195
17202009
19709663
9842812
20038437
18071758
12207249
29530512
23455313
17572470
11293443
33266421
11888821
1953955
12169672
21752311
24555762
573529
11983513
