02119895074
10195213753
49280973086
20324034641
54644746379
26491911220
34986357820
30980244552
36852968134
59047822167
14386804018
65128222441
44811687624
58247839480
20621612526
25631987715
55990755377
51034986886
65251471086
33069220006
37395560695
64925203985
08522160364
57462581428
57723172393
03107103496
06891506662
08196773765
32635958247
11744323555
26366610979
57239055888
67298173922
61470408634
05993421036
20194638659
41803123922
56507424447
47218824553
36156803451
30664960113
18233623871
09090343503
56466479315
55608786015
34888869866
39679563823
43296279438
49647182328
65401697811
15052443385
36736827647
43035123573
32561881493
46953858740
47946611784
01937902875
64023625352
65896813077
05821475374
19518078319
14546996715
67091929375
60660292483
58435087958
00544150089
07374336838
12641161484
60974379677
30049379039
48749441203
64830155548
56147523088
08889825209
25562776466
11649787277
33511941582
66117613119
15297625297
17137118469
29882158794
32006131674
38406602903
33470261984
38151633684
40722456283
33610986662
17212863317
37482091149
23059174697
19351881701
44999741985
45477038793
52135829262
28547710408
61688687012
21083120818
01036570114
14142085168
19647760611
04962526862
59972767951
42838208903
15246522572
21869956847
46844124141
05613713231
66805858464
33777335828
18629291430
46985569390
01015773008
50593172569
51220310779
59142134761
54176855971
40839910797
00533054770
46769196486
39407299651
52791930588
29956929116
29215976400
39012354303
60549916968
03295736937
59587541730
57733621883
01118297273
03903418828
27612563624
59240463737
63708911144
64876839075
52263502527
65779964955
47585700228
10496728869
17055009027
16684796821
66749468791
29349563933
56280818519
59596075086
66221154967
13666390806
63249173160
40055995267
61054303703
04075008399
64075789778
34341622954
05748861532
24630569071
28877373717
12644390446
54396710205
44922201626
34344835271
27477436041
55214798157
63758106813
37207591911
08777071892
64458308518
22300907205
42097853563
23748207866
47572267243
37969001636
61043033360
32991891057
17198565232
54528231132
59652024411
51769135338
51280787745
32374497957
53378379851
09925990682
15375541301
01842902308
42218373871
15150231568
65411248382
65848891769
37559730598
10327768559
66966718576
65296619613
36706997935
45816810935
29984189320
01294204598
36019436113
42739044039
28488251617
32372184115
53406060558
13474592412
33292384797
09113319246
05092734112
47614033783
00728797958
35447811576
41485674769
05149968106
60766105400
29652290102
21458705653
46782445683
61098573722
68455305252
18138250046
19039077903
24238096376
12090842005
20447617923
36539306160
31508578701
15459990676
55750981393
31832035023
48603625847
63411309398
55297066894
40134952399
20481352123
47949771632
05649765542
39872166019
25873569663
34522293548
59903789492
37394985827
12018231129
07692917193
24661070859
21128528796
16031992971
08062693423
37034116116
68347006447
08774060142
00342264469
31120646241
09488591167
20789598414
58505301136
38019903368
07997658685
06522368590
03248904247
13496621252
48691744169
11482918744
49670267371
35917217907
67668029293
26049148680
14058211514
47939722941
23446197845
68043560246
07303866506
32476285787
43416430581
39654718258
07430795378
21463878816
47892652055
20356350028
33937095596
32550818603
21347488817
37151476140
12733413153
23389943138
12746378659
38601330687
15984870452
41258180269
16017750543
01758904358
67228840444
31518430871
37854740218
39217720037
07261213919
28200507995
26730513132
28902913747
45578473079
07173060762
35423711451
54690259624
16266193771
48715533638
03478239404
35835362093
17009756875
46615893358
52813268373
14049043140
01072788274
41291986731
35698356747
62656963612
10222286341
22357104425
17645515443
33360532283
62661393422
37271785486
13271553202
12212577143
22942687470
42905938197
39036720501
62890901486
38547792989
60653772926
25966001553
01415579950
33799817887
52575532549
18224990618
08630130111
27939027365
02862513456
66067204307
47212463446
45297910760
50916528430
16818747564
31716845588
14225360880
34867567192
65058932187
31764467394
14641466966
49734247212
52067170940
67587102940
57465549107
27020982160
51584338478
32242463963
44135636784
02657336158
22093246301
53388337021
39642873302
12636416137
33322434168
47790941139
56644242588
46033354532
33088088295
41147253310
18471039095
21715688284
68558737783
31728075950
56145921145
41911308317
31925303923
55618985765
32066602806
33617748914
25209651451
50105885165
44833928292
20577598590
35944104583
45539534284
64987037363
45768532697
38084958582
05351664718
12421876853
15475119723
29270092379
13588394370
62059635405
11757364322
12992649218
63429931575
20142131554
57252079746
68028896656
61661235716
28769996565
18963968639
40698549224
22826282322
08577858104
18417261450
61053482690
66922067047
56495537528
53395964139
31069943160
12947896350
19419454702
01011738767
57790276412
60943743762
22828862537
50346516679
34672709350
51276627928
50366268223
38690333456
34750288165
51698623523
33823890798
40169736322
56712667753
60338878878
12178054438
04764240117
04908768648
06663027113
38025178267
17477199622
47428742743
47811114940
46049888636
18336606728
58160360388
63897458704
24431093576
46676994169
31890488286
37780306629
67979188872
36692507759
24582814737
65306016590
42107093255
36103967803
47637441744
15039960050
28345563429
38792474408
00818702591
03266610080
04121121186
53460404247
36966778417
24599794303
58036690565
52450467357
54131294362
24766273102
37888354904
56813528872
64882432878
64256285310
42776557642
45611204403
31767759707
40805606325
19533596261
37245241613
33930895318
43893528285
55087229405
24945482694
13302943775
48672164020
34768748729
19214526071
66027514402
63725668268
16075795312
10089949897
37934557018
64814373675
47124620957
43961801425
22195451560
46751493005
45234117178
65690348008
05464183065
39077420181
33715606738
18942406776
35217001267
22946538327
64016162458
61367188411
21037416259
32702462470
17310796070
43103746750
46036084327
33470296500
05217650331
55791679484
64280025404
25734585859
49729423500
51583426891
51968139471
26179861689
14001342779
08568130528
10534590546
00376222974
51475506595
55078866782
50297394896
51674101474
46651762171
44291092052
50261992634
16414736258
67061671764
59186121276
52024158734
24949952800
34427476019
24064232672
21588176510
00672411163
50505344260
13228479482
65412168770
66603183525
10553621458
01997450659
06720493588
37254762103
02024705928
59392905871
32531434295
38834014514
59514141651
54715620696
21444642807
46202290237
17008689509
10429198921
21954490986
44758311865
44397791263
33151850371
48507004382
11986698022
47090816297
17887445329
53458858535
62911744415
57319034414
59412694705
53256496501
56831176663
39489078014
21504777066
38611170402
58537768492
19623400801
01736824996
15682145232
06923175510
48050767775
23507353826
03504738739
18729146221
13539997950
05583329231
20245964535
54873187176
43186900772
36136761961
19467332979
03774213412
53555427011
56855666317
66654469369
26521327905
31771491237
57462989765
61263615696
58902623453
61231722388
66304870098
08135493634
27401174682
60985332729
19466240135
16478234169
04970703376
30727225950
14893798437
42082450287
17276765160
35360919836
31099842974
52556151927
43152515145
24062579703
38147404699
03385349199
36354397992
06695425589
52020600685
34831049042
26103915492
48066029807
34824207719
49562651830
48794209995
36013461908
32861523459
47409273430
13381438482
52058238501
39853578520
36699082414
04645354493
26525344214
51491746139
44189035861
47997631548
54773533226
08174301264
26278341181
01883086780
41338543231
38908524018
13230234355
61613096401
66796701095
03502805715
21096808771
47084477097
16759205306
05567784003
51707645799
07180365400
01455750088
29159980595
44550029217
40348344593
58564241602
03887208267
52725298045
16062038258
54188715454
11791002573
01251026794
23277749766
37790133429
30439608843
68283942438
62969258399
48705964165
04901091044
05004400934
47174199188
48192901959
11631605049
30516698588
45707579106
53710811052
49126115238
15355507377
64431327719
54670440517
35483971459
53026349585
28138888191
45644951183
32506916130
32116501539
16369893641
09138128682
54296815496
23065683279
64313236513
55264151660
02990142079
59445216175
59929892455
05939706558
44043684327
06589129117
01349171147
68174525135
28918103780
09951710571
30232862380
15003539961
12097141977
29810739367
13061773701
46092235231
01516212008
65023338569
66828318512
04172110831
65245021110
16482847523
10562081670
48595419959
22457679338
58686057641
41510486554
66248268414
38829583906
19681452591
67595186062
45045020965
32761452523
40811818137
60672334772
17757915192
49794177296
51323833558
48188889469
05435726725
24843744925
34679281139
19707709922
03784118857
19189944113
44687288194
05494883054
12479091683
10964698061
07549496910
27420339972
56339723594
46766476510
59886060915
48293390573
18313243241
12816458973
41734058196
20532203763
36078625787
39357459280
08802360902
18029835863
64537433502
26551650559
57048849374
42854164261
19080859057
27762425937
53783219493
34533480762
50556502713
01029848807
55941068283
27342724497
52520277218
13261098735
43919835879
35775028976
04028337028
27413800829
14544263863
62689026300
09359950470
63344934031
38093383388
37594789858
45512224269
20105573852
01959865914
60624137610
53204354721
61594603610
36164278293
52206528668
19027508654
37831760697
20082750693
02899351047
63025779289
00179668860
34048851310
00919376110
13652790764
52145973290
61932079370
45873601769
15489014446
34044522861
56900002790
11199435604
03722754984
66533834367
11241083443
20783406978
31605150245
54442446898
50230118218
35591768942
33582858044
11089560619
12463210283
08912332932
66645749310
11221823180
34068936087
13070753653
25790485472
25074986173
27141792516
32081255330
47493553619
64056525300
11821153838
54709061445
50110682819
05901722583
53636258152
19614653883
28377431315
14729478845
33701191677
13900931476
68087716647
51482455057
12864963499
43733109160
49717779744
23425814517
62476009294
12054699481
10650050492
20586793105
58685331174
14988405992
10020117214
53841673911
43287564569
35734294617
67166202329
65101109649
38968652396
31418019578
49895038580
39459878535
05003030294
56506377597
30060386220
56926804708
20904815876
16951028405
23558850831
38646794201
42057964084
57292445207
52634813157
30429540531
22671716869
31609693631
02539019836
54268087840
63357839755
54996762732
46670233146
36354631329
44557531696
07069667415
54021768632
60774598526
44594643167
34730480102
39273050361
16419643913
50622772802
31466335851
18664773979
17005410736
20867312172
44026104018
35073939960
66700441443
50728988705
65026753893
45032063455
48050838959
29416430422
38849400925
30793489376
07809942410
40956549494
00252612976
56513453096
22404005181
00750274777
35296880548
43367844974
47804361400
54988918900
11680376309
48650797052
50021667179
62911522937
60703864807
46132528737
16954603962
19818647981
62055931335
00496777029
23129120563
18088751999
67612837800
13872483563
26146096994
27656967797
48837797680
30275746249
36350449532
54947864116
55813252315
43379839961
21120171134
16538146705
57159998607
46899665815
37079172007
47929314288
33988171083
63169049581
52607440324
61070649939
44110972265
64491474655
58414716921
61581593394
56670402719
40366666399
11777336453
37155225434
66870634894
52852322195
43183657610
04198586581
59294789869
61997491746
42230021255
25942193402
06527856492
09893797806
08707974511
32640125136
03784465914
17906918282
60756180183
59122379422
24482040253
03424271064
49967536539
31073948862
53575870507
28134587598
03719891232
05326054330
59040106481
03219824432
25954933805
04738441820
12108467846
24001860813
31351975241
05481771564
67045556221
07565059444
04110982055
13556341807
56794685223
20144433968
18765855866
16876401989
52232111633
17039448027
42375776375
19497078765
34056622233
47674536127
30363706742
41092880002
46007182228
16339269649
65329250516
06372030084
40788464058
62913536439
01291545790
47496460662
