556942676460380
153591002949067
424919287851450
408377945191458
358944979801965
131218651928272
422839268195516
100951054579172
56016830618519
254159807329842
350517087782310
108782532904644
341323934595687
249843089146778
19248674964392
519214160415700
142907218475049
257451056808821
347267898906865
538666963222000
275453280432754
501268878390311
79696410794691
201985890106455
97472581814292
556308048568305
13184646144436
119257125557133
556485528233532
75058869115772
278381224085269
374607697058359
389787863553743
130390831308223
364218998192289
494367243968217
333948895314707
199165298126031
322465984875495
195503938218692
70934728737911
546215429106403
459425854279870
479460537807293
265143668796966
560970122971235
290710443086270
351597986599217
267075844983378
200745217188668
439657787993628
493726192726298
326896331341798
426189783646816
66124658291567
142112378966448
390586252611920
245885488730469
100727619135185
359792252040475
250393602888627
237928778097402
253102626312572
210407454440715
493980163362062
87772289454219
389797231553001
226698257119150
236195970481238
353938830013106
441105649705144
379175770665592
284986367153956
299694124212350
298356776644791
302849993898489
156449637194348
73109269812718
349731810665537
389606941028766
474739522041189
62259590116351
544376317644677
270027724028419
198556056099590
107256376473363
109535230572102
195034745045344
134065507026781
423306477431906
27992003909687
559389632853850
75971777030498
162934033825445
467410171803196
300778338319004
141637433971986
520680059219440
370950218748769
69980227427646
485812462713247
548270897532440
416499081323788
111916789152714
497346460653203
387398728924400
538227643394669
220284298770181
304605543086074
82427693088969
305115393932295
404618273156577
64549839393847
167936499308667
48336869632434
511335021194396
30831033443448
61345431395211
555042202272966
506545814494526
437031568570009
223445058982061
529013448804168
500076957643504
103484804662266
33970467377192
497392895683050
279141335191591
236484805368272
430397572265695
168258869727037
99642768730477
321827746028947
424280979035540
316633168063126
49286573843933
188052760621085
133862883823967
516000864588946
387412389708802
178829037442938
413655343138271
313345061679050
523470677005251
544619436514299
79041800950945
283967739726533
386932729381768
337415557701181
536250655884393
201354180631985
534880222037606
165402438854823
164286579010639
366338688625091
357473399667549
308845319084359
260501964681561
522112120696457
356901968231507
344966744916221
133835773337415
302471266352906
255805629889345
460394675788625
45544468673465
708404217683
416790551937314
551636569737042
525083373933803
247083455021591
104812182722371
284502526186611
333728671572696
37913807877537
313792994105013
298790928402789
348184048793130
217119015827543
286841753241112
251150005013457
178428246429636
270387231337144
95073651666759
111203502705477
110550399138732
207333486655460
521115178075788
325423376597357
456354249779090
154814000959236
11110971724739
421687348639000
290374925278125
559325134702233
114267683440777
417322491897999
221758037116738
432161931737394
4419164328467
95069214810626
538413378200785
519212715187476
240184908913358
424669367575184
183582449006469
226955316417001
171532066264054
346728028722643
60172997795881
284849017174881
39066938507004
399639243229042
394360064543433
325877123112055
511466270636067
560709797004344
107546391094148
45751196929454
150541142227047
9784013034981
454933681264167
413823190969192
244560778043140
279849566906215
551077234651972
284190138472367
327295002898900
280578688696196
557146041145872
321812232541636
531862178431794
52520498859230
245471026863033
183773278559681
319877595802441
557990421979591
462259727659139
168408622338864
335009008944750
352164750980285
338952455231605
5150462531198
43230424634824
156551266722826
118170441572920
371561732062662
223020315048141
494018062999816
49263695710212
475934092688836
20664860420585
40191348329812
4557539582836
550071155732660
272728191606881
475402532894919
105188354944209
97836206418686
132305291140893
159209196168451
448718968807691
226151898645315
268466931935248
195307880543601
211653072654157
188772815041962
216922792633612
97281051185012
39071877422746
323667334876594
507013032933697
334636323496711
22126406387391
437032566895549
389187320406459
328230226569735
439837747206283
251521014455994
503667366639012
349137230548071
95131854795210
167324324450703
323739553665231
266885422871768
476775614094343
369926960961972
32019376063188
84084725416723
118098301263791
196019202694402
544977328141584
54631415529776
158787447100265
192047172509590
198601762586703
518791240720905
538997553462821
532896586171268
256079799202779
294837741477226
543425363022959
384313834526427
59749876161448
126082220269882
365955435024429
88766578892671
461361828632358
415297028059062
197792207604399
22832364209319
554630572341883
46315944031953
262230981910493
123175636022779
429290019368266
189844241221624
405079894321122
194054860466017
24489481089289
58597792744071
109041974110041
295863363646124
175974383999967
519572109414828
13296724943823
375674945818710
362123570857343
212127373866666
230083970005494
79539179155885
113502658317909
140967745295741
387862843231265
41705349212427
103371798803222
406464801627235
316763991651843
378686322254844
495998665057996
195956103495401
447584288305767
154903441179871
142481305621373
309956158316397
265569527923270
11305719843990
259152065648271
500809455819596
204142106251353
91524121823492
293700160186301
282719531726661
138845334800123
497763540514741
370150172689102
123916946127119
224521466221172
49162954212607
17918999709091
406309426186939
23473334096866
60879309645996
357896589099281
172028594166200
419256853782205
196114824135000
372177750178874
380759826270456
249985333655410
77195402652000
298442099813275
84094131567779
465028891991081
84580028629441
435294490897434
476516389927063
557680119586312
508492079935966
229005920800614
171387029140667
297058929378599
351197801731373
258947582856066
246272020035280
47471215792910
558686130451203
509709207738075
547138683737211
209122452274299
463565869507403
538321212114424
93906730307146
294111874172595
338320911820755
17511974375221
319433612627853
60672444667780
8071631344853
261579809080253
289543400674299
374659402218334
131987867348577
481504452672254
549703621027362
315148567668942
100361222825725
344845307721287
433130444398634
153991262185368
528495336877257
347180128192031
535565386235477
353489172274226
202828681183620
283226901905691
465891589740367
244424444289548
291495318133927
315558914977122
317197677528627
239856013789211
424161781168330
296923156416857
541422089525680
23227564350050
326734702070421
443948943416383
458224976513326
310788649541847
23459480483690
261020025635397
545873637701161
130048582940978
339489567953683
315637190361208
350223925456783
471382361638613
85878092533462
160597462681902
346863350381987
298784441962173
198590203094549
97680734642012
231225753095267
417172576938823
145465236281245
274510041222522
217069578664724
68250754587692
68956994687612
173155569245612
171755960471953
398284841867157
554333599556461
126260608373111
403826805307341
472586036183912
546890702489388
135033483043605
327723546273050
258694508776340
349868504205560
148673294732633
456921170212329
354918778486435
490511610644892
501016942728927
383742875772661
522549436932336
362975882554421
512476025232264
318100547332561
308331120122058
210794155913465
388240416027210
542814967675831
88631192681958
414719199068095
435137802425521
140635727172803
434100360288757
268459868533771
110985438383194
317057590730770
321032826337666
556067386856879
105201889638236
206732403653937
535207634745235
465906256478629
128521989953222
6582790918549
447669994081645
450073395926002
338283808652889
60599594490097
120464280764792
302114108860792
451339362217632
193225790241199
560029802120924
536001622330771
245217100901806
552621453581641
279580055490985
457722102795287
153146691182478
353813247489599
436189243679238
226343832980433
284917527065258
208294517230591
339202534078115
400991747538078
40949728858066
58368574281090
246819769596994
8283758883233
383781022038006
461601730074851
259118686693671
118197963448455
506848476993071
552326902547224
41769752418633
461326775634762
250634061365805
124192786035991
211499171414764
499177491883283
475799696343269
320178905932378
148573159161581
169890859158247
342642054160712
94201243623090
299999407132347
24269598966916
31429725242378
204729158531665
242523501412732
486059854482812
535845864578246
335384808786787
129959820699732
68941696740244
333289001606824
156567350038423
160059883573675
67360573214944
535674956751677
126425597451440
8325248660278
270898090377614
421351157089168
310534463499184
228575463612937
527601906729657
224643904409011
458753584522643
358606446763331
186104684732798
422495160586364
267582851210722
315005806964567
353035610544416
63867890837823
224201048040642
203703192392975
543742078887580
219702462130685
528256335883118
268193383439974
545708071554337
74342155254687
549169863709620
416106929728922
211280116042336
413636671056816
76258648722533
446107370512120
108975424307999
95513396758801
179832232920145
95553844645361
553635020978327
317546845360477
327946886270605
346366792283920
24151966175114
499388835213093
265401044629393
505484831066972
119556118222972
415277859316371
108952884374319
185500416746618
544263855214168
363101391998606
128174777076954
372609872200419
188726763933872
367884425891820
152297381470043
146458182666117
524796274048323
519753161166009
122794245948295
39384970869992
419090751719115
426907397799558
502758078098866
199728743675775
445579285018461
258174790360312
430607797598158
331445098920078
405147938977100
460201288600881
299470043001059
247680411726415
348403489889347
524393545883145
537496122256925
468749998606686
173002593426201
479554225221693
487390257485564
8732464798727
70325431524248
536548671157144
392539872732382
256462957288543
546238323332284
375328168443
458540146765093
108168877163391
499982851378151
225877657356423
307571760367009
442822855655607
357705943721042
196194421220439
160267469595010
300663277185136
56169831764214
20176238939984
276097224269921
353310622619363
562882523179759
122248405746024
18107397039639
277873532586041
369459670047659
316452697096472
492583241704893
22102580487282
423309253950904
118873908400437
249972569171054
468426873684049
82871621175572
449020233044949
381041470955550
477976698302304
518660723079302
238806731744049
197386111051049
198659220525862
452507977554911
391203897755144
308347677604549
160196407063766
537746747254448
71944759427718
369273931111582
385667588477048
152641102971085
190748155205748
449557275965817
125659518223421
470210503551677
556753249741584
289520931283998
114139306937504
104965516658029
205854628278651
460687882875842
30165607132793
444893154893913
109674100038711
277755843946059
213561090284916
313431201030621
469641462205668
223923366108250
286626545812037
400317037043636
436283708847796
513581671857386
414565929414966
548776486244768
253184015513496
418770099083825
73965402103189
378103654430749
407411939889668
226289224968887
382374124791073
361042308059616
460573804873352
562629472624330
80982381961474
37501834766350
178000734870237
282699256706453
110810274923128
268655614408336
361422680877293
294604008432722
495881725434397
293562267163282
252816261849727
551824714004275
529094848059593
465073013048883
187252941103964
102434122815979
16047971540367
354865796892244
345818383035441
60873517316974
99022894725437
302293972829486
148920253594231
458974061130129
537175513277850
157613466172540
178924102444411
361360562822906
93430831519679
217101643224729
70439826185969
371658116305741
38802296600504
215392588210022
12729981462791
433312620440129
220057693765207
283765210153706
368408759281805
113420664154682
380596221500472
481885765707070
349081812563265
86796005819379
368199164979514
382464032372764
561435986046613
172157962234203
382054866318960
431350134780026
552027438425021
392019356634829
175834352766257
389280078428515
29887266250034
351565243817240
59408133679060
268102079863006
531185342244765
728253780204
234000695935706
454029751534466
234272231013337
61882959352182
416191652985665
114732196477518
77546820763987
522516669675650
459428845519321
111481602833261
10668083776366
429914389018672
512387147498806
155861602213776
167841116290480
455521905152583
343995486719688
82242035872609
193548929292394
366222326460022
10229621957656
271498855194136
394826462057149
79459354543729
443565130244712
419498129609429
373167533161158
298816938053259
476084989960087
84676439166321
269973698786932
460277261122943
371147597788606
531149026150797
506920428827359
159782317311988
448860964358494
102820682431984
176433958564831
31234627752419
536271743688771
208114736503839
215229780750730
499582988398507
483525817962084
169680795809295
469667437725786
309120000010798
134195439844124
517569365495991
450845702254886
54900344359261
120809330159791
203843258180339
435157399199454
455273889751673
423921160479384
79158052631484
446786424293416
21176723922710
272926800271758
387051946821777
320528033476843
421683594518559
374808543404101
140792310790039
479652823154100
109561779100270
561225829420834
114922841933230
503121497891332
353770582430197
308134905176181
344411538780451
23144902189853
373809616054098
466187796719763
550542409197814
45911021598660
195026421104327
4667980851964
157074866877654
298169251727071
69995321127531
311229591047481
252722267805816
496928078712597
395590052555770
453073214083673
77730944854089
99326773136719
308196119028170
462959018656924
457489414701041
47007394593808
419977674043837
340577987872204
254357789130824
340161140807747
257553037711239
414078382307468
297904170687830
100227103448073
506315183435816
338347486614500
116270549235697
505607333530912
453394312378639
174785817610263
55182246612684
540403232900522
330168739855250
433252362837364
184290066925850
249077986585979
8078893093856
78096539762735
407781277451766
68872514461003
230744195977518
479238209986815
292540674837796
11411892893975
527468937525592
361602291066363
295515535249871
462737542692591
49391187124938
430507652998766
345508725516248
29185933885367
504781762255305
13570903171758
247859870792323
377905731184015
193476878053395
250198397206976
471873332755307
353502743204717
271019791398826
366239599688118
521250781217662
463776885541334
414687500683339
454293643518328
279667702222616
163948552474557
108798793318600
168884119705813
534212574148474
316736732811036
444251340424727
193648572785649
88391494354010
536999292091529
439280706242911
545135415341120
494954489453998
458374198845663
521972397733114
452505927112246
210768200041414
410660230958114
304643941477442
489002122541139
79679725375851
278580900416275
228567852754771
304992041617906
390453911661427
264315095903671
196633930435875
349618891088749
91650685254025
285669211226153
451879049314338
559454564006893
105024459352941
49470872190278
491675645634338
216052535820759
176006377324050
435830373612629
445821115135633
118433037873785
240590023141876
343315379164488
468037970104318
486131607165894
121625065681491
529777830567436
150329593737553
533602882393242
415975700677529
314970207938836
289211660101073
319181278053283
38445940454458
532506048053352
37786432561160
237370777323915
484782742452543
156269992015651
153985490576121
511664088075603
490224995663134
464642748025520
466876163582446
417549991747676
218902160420462
223320841979315
561558223080240
342482721211519
49591084865272
414026041616825
510001971594689
386425275886182
18824521414639
141436293851838
28889623775289
130264866008778
294110824620213
60172401540113
104909567383492
172856590358760
179281618299487
333294878591113
